30
0 0 0 0 0 0 0 0 0 0 0 0 0 0 0 21 0 0 0 0 0 0 0 0 0 0 0 0 0 0 
0 0 0 0 0 0 0 0 0 0 0 0 0 0 0 21 0 0 0 0 0 0 28 0 0 0 0 0 0 0 
0 0 0 0 0 0 0 0 0 0 30 0 0 0 0 21 0 0 0 0 0 0 28 0 0 0 0 0 0 0 
0 0 0 0 0 0 0 0 0 0 30 0 0 0 0 21 6 0 0 0 0 0 28 0 0 0 0 0 0 0 
0 0 0 0 0 0 0 0 0 0 30 0 0 0 0 21 6 0 0 0 0 0 28 0 0 0 25 0 0 0 
0 0 0 0 0 0 27 0 0 0 30 0 0 0 0 21 6 0 0 0 0 0 28 0 0 0 25 0 0 0 
0 0 0 0 0 0 27 0 0 0 30 0 0 18 0 21 6 0 0 0 0 0 28 0 0 0 25 0 0 0 
0 0 4 0 0 0 27 0 0 0 30 0 0 18 0 21 6 0 0 0 0 0 28 0 0 0 25 0 0 0 
0 0 4 0 0 0 27 0 0 24 30 0 0 18 0 21 6 0 0 0 0 0 28 0 0 0 25 0 0 0 
0 0 4 0 0 0 27 0 0 24 30 0 0 18 0 21 6 0 0 0 0 0 28 0 0 0 25 10 0 0 
0 0 4 0 0 0 27 0 0 24 30 3 0 18 0 21 6 0 0 0 0 0 28 0 0 0 25 10 0 0 
0 0 4 0 0 0 27 0 0 24 30 3 0 18 0 21 6 0 0 2 0 0 28 0 0 0 25 10 0 0 
0 0 4 0 0 0 27 0 0 24 30 3 0 18 0 21 6 0 23 2 0 0 28 0 0 0 25 10 0 0 
0 0 4 13 0 0 27 0 0 24 30 3 0 18 0 21 6 0 23 2 0 0 28 0 0 0 25 10 0 0 
0 0 4 13 0 0 27 0 0 24 30 3 17 18 0 21 6 0 23 2 0 0 28 0 0 0 25 10 0 0 
0 0 4 13 0 0 27 0 0 24 30 3 17 18 0 21 6 0 23 2 0 0 28 0 0 7 25 10 0 0 
0 0 4 13 0 0 27 0 0 24 30 3 17 18 0 21 6 19 23 2 0 0 28 0 0 7 25 10 0 0 
22 0 4 13 0 0 27 0 0 24 30 3 17 18 0 21 6 19 23 2 0 0 28 0 0 7 25 10 0 0 
22 0 4 13 0 0 27 0 12 24 30 3 17 18 0 21 6 19 23 2 0 0 28 0 0 7 25 10 0 0 
22 0 4 13 0 0 27 15 12 24 30 3 17 18 0 21 6 19 23 2 0 0 28 0 0 7 25 10 0 0 
22 0 4 13 0 0 27 15 12 24 30 3 17 18 20 21 6 19 23 2 0 0 28 0 0 7 25 10 0 0 
22 0 4 13 9 0 27 15 12 24 30 3 17 18 20 21 6 19 23 2 0 0 28 0 0 7 25 10 0 0 
22 0 4 13 9 0 27 15 12 24 30 3 17 18 20 21 6 19 23 2 29 0 28 0 0 7 25 10 0 0 
22 0 4 13 9 0 27 15 12 24 30 3 17 18 20 21 6 19 23 2 29 14 28 0 0 7 25 10 0 0 
22 26 4 13 9 0 27 15 12 24 30 3 17 18 20 21 6 19 23 2 29 14 28 0 0 7 25 10 0 0 
22 26 4 13 9 0 27 15 12 24 30 3 17 18 20 21 6 19 23 2 29 14 28 0 0 7 25 10 8 0 
22 26 4 13 9 0 27 15 12 24 30 3 17 18 20 21 6 19 23 2 29 14 28 11 0 7 25 10 8 0 
22 26 4 13 9 0 27 15 12 24 30 3 17 18 20 21 6 19 23 2 29 14 28 11 0 7 25 10 8 5 
22 26 4 13 9 16 27 15 12 24 30 3 17 18 20 21 6 19 23 2 29 14 28 11 0 7 25 10 8 5 
22 26 4 13 9 16 27 15 12 24 30 3 17 18 20 21 6 19 23 2 29 14 28 11 0 7 25 10 8 5 